1 - 152 262 265 420 444 464 709 719 1002 1067 1502 1633 1756 1879 1889 1897 1988 1989 2005 2224 2236 2487 2688 2800 2840 2980 3082 3083 3098 3221 3489 3693 3837 3994 4147 4256 4259 4301 4463 4533 4572 4637 4817 4827 5039 5069 5145 5394 5493 5502 5750 5912 6018 6250 6275 6340 6443 6579 6635 6824 7230 7734 7735 7803 7941 8006 8031 8140 8148 8150 8172 8258 8259 8298 8565 8582 8824 8825 8829 8883 8891 9294 9304 9350 9591 9635 9859 9992 10178 10258 10299 10410 10652 10861 10934 11108 11212 11214 11234 11350 
2 - 160 201 261 265 414 592 630 664 786 987 1183 1239 1248 1364 1374 1641 1780 1830 1888 2174 2218 2252 2284 2326 2445 2564 2692 2729 2779 2850 3037 3064 3221 3379 3489 3500 3535 3605 3635 3637 3665 3679 3747 3781 3960 4165 4254 4341 4422 4547 4747 4832 5012 5021 5037 5041 5124 5179 5180 5486 5630 5639 5662 5775 5868 6229 6727 6870 6883 6958 6959 7028 7082 7113 7803 7998 8253 8563 8659 8833 8868 8891 8989 9130 9177 9331 9628 10177 10238 10272 10358 10428 10476 10607 10632 10731 10789 10929 10943 11335 
3 - 267 395 420 421 525 654 666 937 939 1157 1319 1337 1475 1732 1852 1856 2173 2458 3272 3395 3396 3397 3503 3970 4078 4079 4422 4437 4725 4738 4811 4833 5045 5250 5358 5478 5561 5563 5650 5662 5760 5856 5860 5873 5976 5979 5980 5981 5982 5984 6348 6350 6536 6795 6877 6888 6974 7086 7179 7571 7572 7898 7900 7987 7989 8024 8121 8238 8306 8448 8552 8563 8567 8672 8952 9087 9180 9183 9288 9289 9418 9421 9423 9550 9552 9698 9768 9772 9949 10039 10323 10339 10486 10487 10628 10755 11038 11311 11313 11332 
4 - 146 282 500 1049 1136 1158 1297 1313 1334 1484 1556 1588 1685 1711 1732 1940 1956 2019 2042 2173 2175 2256 2261 2262 2322 2508 2789 2802 2939 3067 3452 3595 3619 3815 4056 4183 4185 4199 4302 4412 4430 4596 4704 4705 4820 5032 5434 5436 5437 5450 5576 5733 5752 5826 5838 5985 6138 6332 6422 6448 6719 6947 7157 7180 7188 7346 7481 7537 7541 7654 7695 7697 7762 8002 8106 8200 8205 8207 8243 8246 8815 8817 9130 9251 9252 9414 9537 9666 9708 9788 9796 9850 9949 10119 10457 10764 10805 11172 11397 11412 
5 - 263 267 276 404 412 513 635 642 774 1157 1197 1457 1713 1831 1865 1875 2127 2173 2193 2292 2418 2462 2675 2682 2792 2794 2929 2933 3039 3139 3252 3374 3486 3559 3601 3718 3729 3857 3939 3947 3948 4055 4058 4066 4186 4202 4305 4306 4309 4321 4422 4600 4709 4738 4744 4811 4918 5022 5140 5158 5344 5443 5629 5736 5737 5835 6516 6523 6613 6675 6948 7982 7984 7987 7989 8023 8306 8429 8466 8529 8531 8586 8817 8952 9063 9168 9400 9768 9772 9925 10030 10183 10636 10651 10875 10878 10881 11317 11318 11429 
6 - 6 9 90 198 199 405 511 772 872 1165 1216 1835 1864 2117 2422 2546 2673 2682 2934 2936 2939 2986 3035 3251 3375 3379 3380 3424 3484 3520 3953 3956 4019 4201 4256 4305 4306 4316 4357 4522 4594 4599 4722 4807 4819 4829 4830 4898 5015 5021 5138 5263 5435 5437 5440 5632 5681 5739 5835 5908 6238 6351 6718 6768 6776 6819 6917 6997 7267 7328 7355 7364 8134 8142 8161 8217 8421 8431 8527 8531 8534 8629 8643 8805 8840 9170 9188 9597 9770 10050 10051 10155 10162 10357 10496 10621 10671 11304 11321 11380 
7 - 359 449 450 451 553 696 829 1354 1510 1643 1764 1992 2096 2231 2724 2725 2731 2904 3090 3210 3211 3318 3666 3897 4470 4476 4561 4625 4691 4758 4759 4859 5192 5193 5292 5294 5295 5379 5507 5587 5589 5780 5784 5903 6017 6184 6187 6188 6189 6190 6288 6298 6386 6474 6566 6568 6569 6731 6831 6925 7130 7206 7410 7601 7602 7603 7837 7838 8017 8047 8157 8267 8378 8407 8556 8560 8562 8594 8596 8863 9204 9448 9449 9724 9725 9726 9977 9979 9980 10071 10109 10225 10648 10795 10858 10951 10987 11084 11213 11344 
8 - 55 191 195 464 672 698 835 978 986 987 1002 1233 1279 1358 1364 1497 1644 1764 1794 1998 2100 2381 2474 3088 3203 3315 3316 3339 3598 3774 3775 4006 4117 4754 4770 4817 5068 5083 5151 5202 5335 5592 5898 6018 6112 6198 6300 7016 7416 7507 7888 7931 7935 7937 8047 8050 8253 8369 8377 8565 8617 8703 8704 8751 8849 8867 8987 9103 9104 9114 9202 9329 9353 9397 9456 9630 9721 9832 10178 10228 10234 10235 10258 10382 10651 10652 10788 10790 10791 10793 10912 10926 10934 11075 11108 11130 11217 11265 11350 11359 
9 - 55 57 70 187 193 195 499 521 550 554 629 693 698 828 977 978 1643 1759 2599 2855 2925 3089 3132 3203 3211 3369 3435 3789 3889 3890 3920 4006 4370 4559 4641 4752 4753 4754 4863 4972 5068 5071 5074 5189 5288 5300 5505 5683 5871 5898 5900 5901 5951 6009 6111 6185 6186 6192 6196 6290 6377 6381 6473 6613 6688 6727 6952 7014 7114 7124 7205 7349 7358 7599 7600 7601 7931 7933 8040 8045 8261 8264 8370 8579 8582 8584 8599 8662 8987 9067 9325 9349 9446 9719 9975 10382 10607 10788 10910 11077 
10 - 261 407 631 667 699 802 933 950 1304 1601 1617 1621 1729 1745 1825 1848 1863 1886 1893 1934 2058 2314 2328 2437 2460 2669 2695 2782 2825 3053 3168 3264 3384 3386 3393 3603 3839 3935 3938 3949 4091 4243 4329 4338 4611 4763 5152 5184 5586 5769 5842 5855 5857 5957 6075 6557 6575 6611 6703 6705 6813 6888 6965 6966 6977 7089 7123 7250 7393 7394 7451 7466 7700 8011 8213 8438 8976 9086 9171 9273 9280 9448 9530 9536 9770 10035 10053 10167 10177 10201 10204 10250 10335 10431 10467 10617 10731 11033 11183 11256 
11 - 33 74 172 465 492 687 711 770 1334 1338 1350 1481 1489 1871 1925 2048 2257 2350 2593 2619 2924 2945 3473 3557 3787 3864 3879 4062 4117 4139 4254 4324 4343 4382 4384 4562 4576 4602 4604 4703 4912 4925 4929 5010 5024 5257 5366 5453 5666 5670 5766 6077 6085 6280 6704 6752 6867 7174 7446 7577 7602 7654 7655 7656 7657 7681 7793 7795 7818 7871 8000 8106 8131 8141 8158 8207 8219 8335 8343 8347 8634 8650 8720 8843 8968 9082 9119 9313 9411 9413 9777 9802 9826 10068 10348 10358 10404 10613 11101 11137 
12 - 133 135 162 350 426 427 532 657 658 659 682 726 801 1008 1036 1064 1074 1327 1358 1585 1635 1657 1832 1960 2070 2075 2203 2205 2337 2356 2477 2720 2821 3033 3072 3157 3159 3514 3615 3858 3976 4225 4453 4591 4593 4619 4733 4957 4970 5160 5257 5345 5350 5364 5567 5672 5758 5953 6043 6084 6169 6378 6451 6873 6880 6960 7100 7495 7576 7580 7604 7684 7813 7892 7901 8015 8051 8095 8129 8132 8320 8336 8467 8542 8565 8802 8829 8969 9429 9809 9990 10170 10189 10253 10501 10757 11164 11317 11318 11338 
13 - 654 666 802 939 1190 1315 1319 1337 1475 1488 1612 1732 1852 2085 2312 2458 2578 2798 3272 3397 3398 3401 3631 3632 3970 4079 4094 4332 4454 4725 4833 5045 5250 5269 5276 5358 5492 5663 5856 5873 5879 5979 5981 5982 5983 5984 5989 6353 6536 6548 6549 6870 6910 6974 7085 7086 7179 7282 7572 7573 7658 7693 7742 7900 8024 8136 8346 8347 8448 8464 8563 8845 9087 9180 9183 9418 9434 9457 9550 9552 9698 9793 10039 10192 10198 10487 10628 10634 10636 10749 10757 10765 10899 11037 11038 11053 11311 11312 11313 11332 
14 - 147 406 421 1065 1314 1337 1351 1356 1452 1473 1845 1850 1856 2044 2307 2311 2316 2545 2811 3150 3394 3503 3530 3617 3851 3866 3882 3970 3974 4077 4114 4493 4612 4626 4718 4832 5476 5478 5479 5536 5561 5650 5662 5749 5753 5856 5866 5979 5980 5982 6166 6260 6332 6350 6536 6579 6623 6786 6877 6888 7083 7086 7278 7340 7375 7567 7571 8006 8107 8124 8128 8203 8210 8238 8380 8463 8486 8503 8820 9416 9419 9794 9931 9951 9953 10042 10175 10336 10339 10378 10485 10626 10753 10755 10756 11038 11059 11136 11164 11314 
15 - 32 162 260 273 417 664 1356 1470 1471 1472 1828 1829 1848 1869 2064 2097 2438 2562 2676 3065 3148 3246 3255 3388 3389 3392 3483 3733 3734 3845 3955 4074 4082 4177 4331 4346 4527 4616 4621 4815 5031 5142 5152 5254 5271 5480 5673 5749 5836 5954 6009 6118 6529 6618 6673 6763 6771 6863 6870 6958 6973 6988 7077 7271 7279 7573 7705 7765 8025 8120 8245 8326 8456 8577 8665 8968 9086 9284 9542 9694 9851 9853 9879 9886 9923 9943 9945 9958 10024 10025 10205 10217 10384 10626 10736 10743 10752 10886 11007 11189 
16 - 45 273 407 585 634 664 957 1060 1128 1293 1478 1601 1617 1841 1848 2185 2198 2335 2782 2817 2934 3066 3158 3168 3186 3228 3487 3491 3603 3735 3938 3962 4091 4207 4245 4540 4730 4738 4928 5023 5027 5259 5448 5537 5644 5781 5857 6020 6098 6244 6269 6531 6542 6611 6677 6688 6703 6870 6875 6982 7092 7371 7394 7395 7580 7581 7668 7686 7709 7888 7908 8000 8024 8116 8438 8577 8669 8672 8683 8976 9175 9199 9280 9536 9650 9676 9851 9859 9867 9966 10028 10189 10319 10335 10643 10880 10905 11007 11208 11313 
17 - 93 94 328 343 347 457 496 585 589 708 739 855 1122 1222 1254 1265 1279 1406 1433 1434 1521 1671 1676 1681 1800 1997 2112 2161 2398 2416 2530 2715 2747 2778 2870 2895 3115 3236 3696 3698 3702 3782 4007 4011 4032 4035 4151 4380 5222 5400 5793 6212 6502 7414 7519 7971 8706 8721 8735 8756 8783 8785 8904 9027 9047 9145 9365 9377 9481 9486 9619 9658 9741 9847 9849 10105 10280 10288 10304 10387 10439 10556 10653 10655 10835 10836 10927 10979 10980 10981 10983 11128 11130 11139 11266 11286 11347 11357 11381 11424 
18 - 93 104 113 125 345 346 352 480 585 589 617 739 878 918 1040 1122 1254 1276 1406 1439 1551 1580 1673 1800 1901 2112 2120 2122 2131 2140 2397 2416 2505 2633 2747 2778 2846 2870 2895 2914 3115 3236 3326 3551 3818 4033 4394 4499 4508 4685 4903 4987 5101 5400 5419 5715 5806 6212 6502 6593 7045 7426 7519 7615 7617 7636 7637 7769 7850 7971 8080 8513 8741 8757 8904 8912 9055 9136 9138 9240 9377 9486 9521 9619 9648 9741 10105 10107 10290 10393 10451 10851 10966 10979 11056 11131 11139 11270 11282 11408 
19 - 90 93 246 347 480 589 980 981 1004 1013 1122 1264 1265 1276 1406 1407 1653 1670 1673 1698 1800 1908 1910 2112 2122 2260 2325 2397 2505 2633 2747 2778 2846 2847 2870 2872 2895 2996 2999 3115 3551 3698 3781 3999 4032 4033 4394 4499 4508 4567 4644 4948 5101 5188 5400 5767 5872 5904 5934 6212 6593 7040 7045 7519 7615 7617 7791 7971 8606 8653 8757 8912 9028 9053 9055 9100 9136 9377 9465 9486 9521 9619 9741 9767 9849 10079 10105 10107 10455 10559 10587 10686 10693 10821 10832 10851 10979 11127 11131 11139 
20 - 64 219 273 294 375 382 547 603 608 735 747 883 1017 1141 1269 1545 1550 1551 1578 1803 1996 2018 2029 2032 2095 2139 2235 2506 2516 2522 2761 2769 2891 2902 3453 3769 3771 3772 3901 3914 4160 4231 4362 4386 4467 4555 4563 4587 4687 4797 4885 5315 5316 5448 5944 6070 6126 6135 6228 6305 6400 6491 6599 6943 7028 7049 7426 7442 7445 7733 7832 7854 7856 7937 7958 8626 8702 8765 9060 9228 9630 9909 10026 10115 10282 10300 10438 10448 10562 10594 10831 10848 10917 10988 10991 10992 11147 11150 11275 11417 
21 - 76 77 79 80 323 478 620 621 733 874 890 905 995 996 997 1120 1127 1147 1260 1274 1404 1813 1906 1907 1926 2014 2015 2109 2118 2149 2254 2502 2776 2894 2900 3018 3116 3352 3443 3460 3556 3799 3800 3918 4050 4152 4508 4693 5927 5946 6203 6206 6302 6306 6662 7028 7151 7864 8068 8178 8731 8736 8740 8767 8769 8898 8910 8934 9049 9124 9156 9237 9266 9274 9388 9478 9740 9996 10130 10263 10265 10410 10541 10577 10590 10600 10713 10714 10715 10716 10717 10871 10962 11002 11017 11153 11154 11236 11248 11372 
22 - 91 94 219 375 382 483 603 608 736 747 752 860 883 1017 1141 1269 1550 1551 1578 1803 2017 2018 2032 2139 2150 2522 2769 2820 2891 2902 3116 3446 4160 4587 4687 4786 4797 4885 4982 5315 5316 5320 5325 5944 6027 6126 6221 6400 6408 6599 6747 6939 6943 7028 7046 7232 7420 7423 7426 7521 7524 7538 7612 7620 7854 7856 8083 8211 8626 8741 8757 8765 9025 9060 9247 9394 9597 9909 10106 10115 10281 10282 10300 10427 10438 10448 10554 10562 10578 10594 10848 10988 10992 11147 11150 11251 11269 11275 11394 11417 
23 - 81 206 473 556 706 804 869 1138 1391 1393 1664 1788 1904 1949 2010 2269 2767 2774 3004 3019 3221 3438 3549 3807 3832 4167 4260 4263 4295 4404 4501 4640 4694 4737 4784 4882 4923 4984 4988 5089 5092 5171 5601 5605 5684 5702 5703 5927 5928 6025 6043 6106 6203 6309 6310 6312 6485 6611 6659 6806 7510 7532 7609 7945 7946 8089 8191 8453 8523 8565 8608 8788 8896 8913 9059 9267 9351 9353 9588 9612 9617 9734 9735 9737 9745 9990 9994 9998 10018 10147 10412 10414 10546 10669 10671 10820 10961 10963 11378 11418 
24 - 251 252 325 375 473 600 998 999 1019 1023 1235 1270 1391 1393 1403 1444 1700 1790 1808 1904 2010 2026 2110 2262 2398 2514 2621 2640 2742 2863 3004 3105 3111 3227 3346 3347 3437 3438 3448 3559 3561 3800 3801 3915 4023 4027 4036 4265 4278 4784 4799 4984 5091 5092 5313 5397 5599 5684 5703 5798 5802 5927 5930 6304 6308 6663 7609 7847 7945 8068 8280 8398 8409 8417 8758 8896 9135 9357 9611 9612 9614 9617 9638 9735 9737 10256 10257 10410 10412 10535 10537 10956 10961 10962 10963 11011 11126 11138 11374 11378 
25 - 80 88 201 347 463 496 629 708 1111 1128 1222 1279 1433 1434 1516 1663 1773 1889 1997 2016 2108 2368 2369 2450 2486 2530 2628 2632 2716 2860 3111 3351 3470 3660 3687 3901 4007 4014 4015 4016 4028 4126 4151 4175 4249 4400 4698 4869 5079 5228 5305 5310 5420 5793 5800 5949 6398 6836 6842 6855 7217 7226 7613 7748 8055 8078 8179 8602 8719 9027 9047 9218 9223 9365 9460 9486 9661 9732 9894 9896 9898 9903 9989 10059 10238 10280 10397 10556 10658 10835 10864 10927 10981 11016 11128 11130 11217 11356 11357 11381 
26 - 80 88 191 208 328 329 610 614 619 834 890 905 907 986 1011 1038 1274 1295 1405 1650 1663 1790 1796 2016 2033 2109 2234 2269 2521 2524 2528 2628 2632 2896 3111 3351 3572 3577 3917 4508 4643 4783 4857 4881 5006 5214 5316 5325 5407 5713 5716 5800 5812 5907 5923 5936 5939 6303 6305 6398 6842 6849 7013 7033 7051 7159 7226 7437 7526 7613 7967 7969 8034 8043 8045 8078 8179 8741 8770 8776 9041 9135 9380 9502 9568 9588 9635 10016 10094 10109 10958 10959 10998 11004 11068 11108 11147 11153 11397 11409 
27 - 58 124 207 319 692 914 1154 1241 1285 1441 1519 1555 1703 1822 1932 2012 2226 2231 2245 2357 2597 2779 2780 3097 3132 3317 3348 3356 3553 3825 3829 3830 3891 3930 4052 4234 4244 4264 4293 4491 4753 4781 4908 5007 5071 5404 5488 5587 5817 5818 5947 5948 6004 6022 6037 6038 6136 6264 6855 7025 7125 7155 7205 7206 7381 7653 7738 7774 7867 7868 7904 7930 7932 8212 8263 8292 8393 8416 8516 8517 8519 8587 8588 8613 8789 8790 9160 9268 9541 9735 9754 9847 9848 9870 10415 10417 10456 10598 10665 10947 
28 - 13 107 558 567 694 1021 1064 1366 1635 1753 2237 2256 2370 2505 2718 2995 3061 3121 3302 3318 3431 3616 3895 3981 4116 4124 4127 4240 4255 4348 4376 4430 4433 4434 4439 4719 4720 4852 5039 5186 5196 5383 5390 5471 5472 5664 5912 5969 6002 6162 6163 6167 6278 6560 6752 6893 6906 7011 7022 7113 7114 7482 7483 7492 7806 8037 8048 8054 8166 8230 8252 8363 8388 8441 8442 8470 8539 8658 8699 8824 8825 8887 9101 9413 9701 9791 9792 9935 10271 10295 10923 10936 11087 11181 11225 11339 11341 11351 11386 11388 
29 - 98 219 487 488 746 747 867 868 870 884 1017 1019 1116 1134 1354 1419 1529 1554 1667 1683 1805 2114 2188 2266 2393 2513 2644 2717 2765 2889 3004 3118 3225 3471 3701 3914 3971 4042 4155 4271 4387 4435 4494 4580 4654 4829 4876 4878 4982 5095 5123 5394 5494 5593 5707 5776 5797 5801 6018 6296 6310 6657 6934 6935 7036 7140 7984 8147 8398 8611 8616 8627 8919 9020 9023 9133 9250 9394 9636 9659 9739 9839 9840 9998 10007 10036 10273 10275 10283 10286 10302 10561 10562 10685 10699 10860 11124 11146 11254 11269 
30 - 107 300 718 1007 1045 1149 1284 1415 1433 1435 1526 1564 1671 1779 1890 2108 2351 2411 2412 2513 2734 2765 2841 3239 3358 3464 3470 3547 3661 3696 3799 3822 3823 3935 4268 4371 4698 4799 4876 4982 4999 5091 5228 5304 5310 5614 6035 6327 6848 7036 7146 7151 7241 7515 7516 7604 7628 8606 8707 8710 8766 8782 8932 9001 9047 9049 9111 9113 9156 9449 9464 9511 9618 9661 9753 9903 9912 10246 10273 10278 10289 10290 10412 10704 10788 10819 10851 10852 10860 10861 10864 10868 10987 10993 11003 11146 11218 11269 11403 11420 
31 - 107 207 325 455 482 687 991 999 1118 1231 1232 1245 1246 1372 1389 1390 1616 1791 1905 2002 2108 2110 2143 2266 2358 2742 2852 2853 3104 3239 3334 3340 3343 3352 3470 3553 3696 3822 3935 4023 4121 4135 4154 4225 4265 4491 4492 4507 4781 4875 4978 4999 5092 5228 5307 5310 5801 5802 6022 6308 6660 7604 7935 7945 7975 8154 8393 8502 8520 8613 8615 8895 8932 9011 9012 9365 9512 9632 9735 9753 9849 9880 10095 10260 10261 10268 10410 10412 10415 10536 10537 10660 10818 10864 10868 10956 10959 11016 11057 11372 
32 - 58 124 128 253 319 500 578 601 692 769 914 1154 1285 1441 1442 1446 1449 1519 1579 1665 1701 1703 1822 1932 1933 2162 2825 3069 3317 3438 3466 3471 3553 3825 3829 3830 3891 3930 4031 4052 4059 4234 4293 4297 4513 4753 4802 4908 5013 5408 5535 5587 5817 5818 5948 6004 6037 6136 6264 6404 6855 7155 7205 7862 7867 7868 7930 7932 8212 8263 8292 8416 8516 8517 8519 8588 8633 8735 8789 8790 8795 9056 9057 9160 9268 9368 9754 9847 9848 10147 10148 10456 10592 10593 10723 10726 10873 10947 11018 11283 
33 - 124 234 337 493 725 763 889 1020 1021 1036 1278 1569 1694 1906 1926 1930 2108 2409 2514 2534 2605 2648 2745 2909 3093 3133 3238 3239 3441 3470 3696 3935 4014 4147 4159 4164 4171 4249 4580 4663 4999 5099 5115 5208 5228 5310 5323 5405 5607 5700 5715 5935 6134 6331 6495 6553 7021 7052 7053 7148 7151 7437 7439 7638 7959 8184 8291 8715 8730 8731 8923 8929 8942 9050 9114 9150 9218 9254 9379 9393 9638 9753 9757 9849 10010 10125 10134 10240 10284 10400 10412 10556 10830 10997 11128 11160 11262 11284 11346 11408 
34 - 109 114 228 232 241 318 379 381 571 601 619 706 753 1080 1138 1214 1358 1414 1415 1418 1421 1761 2092 2279 2363 2413 2729 3319 3395 3422 3454 3568 3846 3924 4023 4274 4481 4665 4760 4796 4858 4895 5185 5186 5268 5302 5499 5508 5606 5614 6035 6130 6433 6727 6852 6934 7241 7243 7321 7635 7855 7915 8174 8627 8777 8778 8786 8884 8932 9001 9192 9207 9210 9286 9310 9388 9454 9520 9594 9595 9830 9862 9873 9912 9980 10013 10216 10561 10562 10588 10592 10593 10652 10792 10851 11097 11263 11269 11276 11400 
35 - 225 369 370 372 381 492 579 581 739 759 1117 1277 1429 1556 1557 1558 1571 1791 1917 1926 1928 2031 2032 2144 2277 2377 2403 2535 2864 2918 3008 3124 3235 3447 3453 3567 3586 3587 3703 3827 3922 3932 4018 4146 4287 4290 4292 4409 4497 4504 4506 4509 4510 4985 4996 5115 5209 5324 5718 5806 5937 6321 6326 6592 6844 6846 6853 7056 7059 7336 7614 7862 7977 8068 8733 8768 8931 8936 9043 9133 9150 9387 9516 9628 9645 9747 10120 10297 10578 10582 10709 10710 10847 10996 10999 11149 11268 11411 11412 11416 
36 - 140 219 263 266 375 382 483 608 635 747 774 883 1017 1141 1153 1157 1269 1427 1457 1550 1551 1578 1592 1713 1803 2018 2032 2139 2293 2465 2522 2548 2674 2700 2769 2891 2902 2933 3038 3040 3043 3139 3252 3601 3718 3947 3948 4160 4309 4355 4422 4587 4797 4811 4885 5017 5022 5103 5140 5315 5316 5449 5737 5832 5835 5944 6056 6148 6516 6599 6943 7028 7426 7856 7984 8101 8173 8196 8529 8626 9060 9400 9768 9772 9909 9925 10007 10115 10281 10300 10438 10448 10500 10562 10594 10992 11147 11150 11275 11417 
37 - 77 86 336 381 487 492 619 622 730 1009 1124 1129 1251 1252 1366 1382 1693 1698 1930 2024 2110 2114 2122 2193 2256 2273 2622 2652 2741 2759 2772 3110 3121 3225 3226 3334 3358 3798 3799 4024 4025 4174 4265 4285 4386 4405 4982 5072 5093 5115 5118 5284 5611 6136 6327 6330 6487 6496 6999 7011 7223 7602 7928 8068 8088 8612 8784 8909 9132 9221 9261 9484 9485 9488 9616 9745 9997 10114 10261 10271 10410 10413 10443 10591 10669 10805 10836 10947 10973 10974 10991 10999 11007 11011 11020 11087 11106 11108 11158 11383 
38 - 123 213 214 331 332 333 475 476 477 479 580 581 598 603 749 866 867 880 906 1003 1123 1154 1248 1401 1793 1801 1812 1893 1901 1906 2111 2255 2502 2520 2631 2648 2741 2744 2747 2776 2864 3228 3439 3698 4044 4139 4159 4273 4579 4786 4991 5094 5097 5098 5716 5917 5927 6296 6750 8619 8696 8733 8736 8738 8903 8934 9152 9245 9361 9478 9482 9483 9619 9623 9624 9839 9888 10098 10100 10103 10112 10130 10269 10547 10566 10821 10823 10826 10828 10966 10969 11017 11116 11117 11121 11122 11236 11238 11240 11280 
39 - 94 106 108 125 126 248 249 250 589 894 909 1135 1170 1260 1271 1289 1701 1755 1919 1929 1930 2106 2155 2157 2193 2232 2603 2730 2741 2832 2906 2921 3015 3086 3226 3378 3467 3572 3704 3826 4009 4055 4093 4358 4367 4586 4904 4910 5004 5063 5106 5207 5235 5876 5927 6004 6037 6305 6398 6832 6929 7063 7065 7172 7205 7351 7511 7644 7891 7972 8295 8417 8473 8938 8994 9054 9069 9514 9519 9655 9753 9758 9839 9840 9918 9927 9983 10079 10143 10598 10669 10707 10733 10870 10989 10992 11011 11172 11246 11423 
40 - 15 205 213 327 330 357 475 476 477 579 580 581 733 863 1003 1120 1274 1281 1282 1542 1783 1812 1901 2253 2254 2378 2392 2648 2741 2744 2745 2746 2776 2892 3024 3443 3456 3583 3698 3802 3897 3916 4275 4777 4873 4874 5083 5325 5399 5876 5927 6396 6662 6832 7038 7130 7218 7891 8397 8595 8641 8736 8737 8738 8742 8901 9018 9361 9362 9363 9364 9477 9482 9483 9519 9622 9623 9624 10099 10103 10112 10127 10265 10270 10565 10566 10679 10730 10826 10967 10969 10972 11058 11116 11119 11121 11202 11238 11240 11382 
41 - 2 149 222 262 265 395 403 516 710 1087 1330 1535 1586 1846 2182 2296 2303 2428 2429 2674 2675 2800 3037 3039 3144 3261 3329 3372 3373 3489 3717 3783 3942 3944 4134 4221 4254 4307 4308 4372 4526 4709 4737 4812 4814 4817 4827 5129 5130 5132 5135 5244 5340 5455 5457 5627 5628 5732 5733 5734 6049 6291 6344 6652 7136 7539 7753 7787 7875 8298 8420 8422 8501 8574 8816 8952 9069 9071 9077 9078 9165 9294 9306 9405 9604 9605 9856 9930 9932 9983 9993 10027 10160 10614 10618 10632 10921 10933 11203 11234 
42 - 2 13 140 141 263 413 566 593 683 1100 1460 1472 1505 1554 1594 1713 1882 1994 2094 2103 2228 2394 2423 2427 2450 2455 2590 2849 2886 3037 3372 3688 3765 3948 4062 4078 4086 4126 4309 4421 4810 4944 5018 5133 5137 5150 5236 5430 5444 5627 5686 5689 5759 5833 5839 5841 5892 5955 6029 6147 6232 6252 6357 6424 6514 6515 6537 6893 7109 7789 7873 7875 8101 8171 8274 8357 8422 8423 8530 8808 8878 8981 9069 9307 9632 9765 9790 9823 9824 9850 9898 10154 10475 10493 11024 11042 11080 11314 11325 11356 
43 - 140 141 263 267 395 459 511 513 635 642 774 931 1157 1306 1308 1313 1369 1457 1460 1472 1586 1592 1938 2173 2294 2465 2484 2546 2700 2927 2933 3040 3139 3174 3252 3481 3601 3715 3718 3947 3948 4058 4065 4066 4184 4185 4186 4304 4305 4309 4321 4522 4600 4709 4811 5017 5022 5140 5437 5449 5457 5540 5629 5737 5832 5835 5955 6000 6048 6232 6233 6252 6295 6422 6428 6442 6516 6721 7791 7982 7984 7989 8058 8101 8306 8362 8427 8446 8525 8529 8799 9768 9822 9925 10323 10500 10522 10800 10878 11024 
44 - 129 267 395 404 513 642 933 1157 1166 1306 1586 1736 2044 2047 2173 2292 2294 2429 2546 2587 2792 2817 2927 2933 2939 3040 3139 3143 3252 3253 3465 3595 3601 3718 4054 4058 4066 4180 4186 4304 4305 4306 4309 4321 4385 4522 4600 4709 4710 4811 5136 5140 5210 5344 5414 5430 5432 5433 5437 5441 5457 5629 5630 5737 5832 6048 6237 6422 6512 6516 7650 7875 7978 7982 7984 7987 7989 8099 8103 8218 8306 8316 8429 8641 8645 8952 9326 9644 9670 9748 9768 9769 9770 10091 10191 10302 10323 10356 10878 11256 
45 - 6 129 274 424 635 938 1105 1132 1158 1219 1313 1586 1590 1591 1608 1669 1717 1737 2044 2049 2173 2192 2296 2423 2431 2513 2550 2748 3383 3456 3484 3496 3716 3846 3939 3941 4063 4098 4238 4239 4473 4528 4808 4917 5057 5129 5335 5431 5494 5560 5603 5758 5786 5844 5883 6238 6247 6287 6531 6717 6947 7374 7377 7501 7503 7561 7742 8030 8118 8248 8362 8370 8644 8659 8840 8953 9066 9075 9332 9334 9412 9748 9796 9851 10024 10025 10191 10240 10324 10335 10338 10467 10733 10735 10739 10783 10880 10893 11025 11361 
46 - 141 147 148 395 1057 1157 1586 1712 1800 1829 1836 2289 2292 2294 2296 2429 2450 2546 2677 2679 2696 2788 2927 2931 3036 3120 3143 3144 3145 3249 3251 3372 3373 3485 3595 3596 3599 3688 3939 3940 3953 4054 4057 4058 4064 4181 4183 4185 4307 4310 4312 4421 4526 4544 4549 4596 4709 5014 5021 5129 5138 5237 5240 5426 5434 5438 5440 5457 5537 5833 5837 6052 6234 6237 6337 6422 6427 7099 7105 7287 7788 7875 7876 7877 7988 8099 8312 8424 8426 8531 8806 9170 9173 9857 10154 10160 10323 10403 11168 11292 
47 - 39 133 176 257 281 667 771 802 812 959 1196 1299 1487 1489 1626 1628 1629 1706 1842 2084 2085 2086 2210 2213 2672 2706 2963 2964 2979 3263 3288 3299 3366 3393 3398 3406 3525 3529 3645 3657 3754 3755 3984 4094 4102 4103 4215 4216 4421 4444 4453 4454 4526 4629 4825 5055 5274 5276 5368 5492 5545 5873 6099 6101 6272 6459 6680 7194 7303 7913 8027 8246 8351 8355 8429 8465 8466 8563 8570 8845 8968 9308 9434 9552 9569 10056 10192 10198 10199 10363 10364 10365 10634 10636 10765 10768 10769 11053 11326 11327 
48 - 132 136 143 145 151 281 521 530 532 691 776 924 959 962 1080 1136 1485 1487 1499 1604 1934 1939 1944 2019 2042 2167 2173 2211 2337 2542 2577 2695 2706 2781 2939 2963 2979 3053 3072 3145 3265 3361 3530 3628 3726 3754 3755 3833 3954 3955 4103 4177 4208 4302 4453 4455 4618 4627 4629 4935 5124 5273 5338 5348 5421 5760 5846 6099 6272 6337 6815 6816 6859 6877 7073 7188 7451 7463 7537 7765 7886 7913 7999 8027 8340 8459 8466 8468 8570 8651 8813 8814 8844 9167 9408 9429 9878 10029 10636 10745 
49 - 222 261 286 414 420 645 667 786 922 948 1078 1136 1159 1164 1176 1202 1456 1469 1717 1741 1856 1862 1863 1964 1967 2019 2042 2053 2071 2173 2189 2685 2688 2702 2939 3045 3168 3269 3287 3374 3398 3406 3528 3619 4100 4180 4209 4315 4316 4443 4595 4680 4736 4918 4943 5180 5276 5341 5342 5349 5450 5458 5625 5961 6091 6233 6272 6373 6545 6610 6674 6796 6878 6885 7074 7188 7470 7537 8134 8240 8354 8436 8447 8461 8830 8839 8962 9070 9076 9189 9199 9420 9422 9442 9536 9925 10616 10636 10731 10779 
50 - 153 260 261 269 270 396 478 503 525 543 671 771 929 1079 1186 1205 1299 1607 1738 1824 1845 1954 2061 2173 2449 2557 2558 2948 3031 3254 3387 3395 3497 3605 3729 3826 3828 3836 3840 3854 3983 4072 4083 4092 4177 4543 4593 4597 4911 4938 5145 5245 5350 5727 5729 5888 6066 6106 6240 6417 6447 6518 6602 6616 6617 6677 6693 6763 6771 6884 6905 7074 7188 7194 7246 7268 7300 7676 7765 7768 7779 7799 7871 8131 8225 8344 8418 8469 8563 8966 8975 9088 9199 9281 9409 9675 9940 10034 10153 10181 
51 - 667 948 952 1070 1184 1329 1626 1694 1733 1947 2086 2090 2117 2321 2337 2409 2517 3076 3124 3163 3165 3166 3483 3489 3510 3626 3639 3646 3866 3939 4096 4194 4312 4825 5030 5031 5134 5208 5214 5266 5341 5409 5551 5561 5673 5756 5860 5868 5870 5976 6056 6157 6211 6220 6245 6266 6267 6463 6509 6532 6566 6623 6690 6779 6878 6907 6965 6985 6993 7074 7190 7289 7570 7583 7717 7754 8223 8313 8316 8436 8532 8677 8845 9173 9254 9298 9672 9708 9784 10128 10172 10357 10364 10644 10760 10879 11050 11194 11307 11326 
52 - 399 514 515 803 811 1061 1158 1173 1195 1455 1462 1465 1597 1600 1712 1719 1837 2053 2177 2291 2436 2462 2518 2542 2802 2820 2939 3047 3141 3142 3147 3162 3185 3254 3362 3377 3495 3605 3619 3642 4100 4298 4437 4520 4589 4761 5018 5020 5178 5336 5434 5446 5450 5452 5458 5488 5557 5654 5655 5760 5837 5838 6048 6253 6362 6608 6628 6797 6871 6968 7188 7477 7649 7651 7653 7661 7681 7819 8202 8436 8527 8647 8812 9070 9278 9280 9870 10143 10153 10161 10483 10618 10735 10737 10881 11028 11049 11170 11199 11293 
53 - 46 199 560 615 671 730 768 954 955 964 1118 1195 1196 1588 1629 1744 1776 1816 2051 2073 2078 2222 2326 2336 2696 2712 2815 2909 2977 3219 3231 3256 3412 3413 3512 3654 3746 3751 4099 4364 4422 4449 4567 5055 5065 5171 5364 5492 5644 5884 6097 6139 6271 6280 6414 6435 6457 6679 6680 6713 6902 7181 7194 7259 7261 7359 7461 7498 7666 7669 7670 7672 7779 7794 7822 7919 8026 8328 8465 8561 8563 8569 9198 9208 9241 9349 9713 9809 9811 9876 9967 10029 10033 10194 10198 10371 10476 10763 10896 11053 
54 - 11 37 38 59 145 151 500 519 615 638 776 842 922 1245 1455 1458 1588 1616 1833 1836 1841 1880 1939 2019 2051 2178 2207 2222 2283 2289 2446 2685 2764 2801 2939 3044 3067 3141 3145 3264 3285 3409 3475 3486 3824 4099 4179 4260 4295 4302 4353 4393 4411 4718 4820 5144 5168 5349 5359 5436 5450 5458 5550 5760 5761 5829 6081 6086 6145 6147 6248 6686 6774 7160 7188 7595 7790 7885 7895 7986 7997 8140 8652 8676 8706 8951 9298 9442 9754 9862 10024 10031 10032 10339 10445 10479 10616 10760 10799 11297 
55 - 30 78 158 161 407 627 949 1069 1191 1192 1447 1667 1714 1720 1956 1970 2047 2076 2085 2169 2178 2337 2447 2451 2673 2698 2699 2962 3036 3039 3052 3073 3204 3244 3407 3516 3603 3610 3653 3842 3852 4089 4326 4445 4460 4544 4914 5126 5164 5178 5242 5264 5571 5762 5771 6103 6157 6226 6269 6434 6542 6687 6711 6780 6800 6806 6964 7299 7486 7570 7814 7826 8099 8260 8422 8556 8567 8581 8830 8896 9301 9420 9426 9550 9556 9557 9562 9598 9661 10146 10187 10366 10631 10767 10868 11050 11171 11204 11206 11317 
56 - 44 46 47 440 442 500 540 676 678 803 808 1091 1200 1202 1204 1495 1497 1636 1873 2213 2343 2672 2712 2782 2818 2829 3080 3101 3348 3356 3365 3366 3592 4099 4100 4108 4213 4301 4526 4549 4706 5369 5450 5488 5760 5874 6092 6271 6272 6674 6818 7188 7261 7552 7653 8137 8436 8466 8684 8686 8847 8973 8974 8976 8978 9091 9312 9313 9314 9316 9319 9569 9763 9782 9870 9967 9969 10062 10063 10067 10202 10206 10209 10370 10371 10373 10506 10636 10763 10769 10776 10779 11059 11060 11061 11172 11205 11206 11330 11332 
57 - 147 653 782 1049 1164 1167 1313 1325 1471 1948 2307 2308 2811 3170 3177 3388 3568 3617 3619 3620 3734 3849 4074 4082 4183 4199 4204 4332 4523 4596 4601 4614 4631 4705 5247 5559 5560 5826 5852 5956 5973 5977 6158 6161 6340 6358 6448 6529 6531 6782 6787 6970 7078 7157 7170 7173 7280 7463 7543 7574 7694 7695 7697 7760 7762 8002 8120 8123 8246 8663 8665 8820 8956 8957 9175 9184 9284 9416 9537 9543 9555 9611 9692 9788 9793 9794 9795 9796 9851 9869 10045 10173 10190 10336 10492 10888 11032 11036 11183 11187 
58 - 2 22 26 292 637 810 812 921 924 1051 1162 1196 1297 1584 1690 1833 1848 1867 2306 2787 2956 2975 2981 3183 3361 3388 3708 3710 3984 4022 4056 4134 4183 4186 4188 4300 4318 4346 4516 4925 5021 5366 5450 5536 5550 5660 5737 5821 5838 5985 5993 6257 6332 6523 6633 6807 6858 6866 6951 7067 7343 7492 7578 7729 7762 7775 7790 7985 8016 8103 8198 8200 8202 8206 8211 8219 8243 8383 8639 8640 8675 8918 9073 9235 9301 9558 9571 9850 9923 9941 9948 10149 10315 10365 10446 10483 10608 11163 11164 11193 
59 - 1 261 267 395 513 635 639 642 662 933 1157 1306 1392 1586 1592 1745 1800 1993 2173 2180 2292 2294 2546 2788 2927 3139 3143 3252 3592 3595 3601 3718 3939 4054 4055 4058 4065 4066 4069 4180 4184 4185 4186 4304 4305 4306 4309 4321 4422 4522 4526 4596 4600 4627 4705 4709 4710 4811 5130 5332 5369 5433 5437 5441 5457 5629 5643 5760 5832 5864 6048 6233 6422 6516 7031 7982 7984 7985 7986 7987 7989 8306 8466 8952 9016 9528 9670 9768 9769 9772 9925 10023 10323 10821 10873 10887 11156 11235 11397 11428 
60 - 30 31 169 176 413 507 645 660 661 772 789 792 952 1077 1297 1505 1599 1619 1737 1963 2182 2321 2422 2433 2434 2446 2552 2681 2943 2962 2964 3048 3050 3070 3147 3162 3278 3282 3283 3478 3489 3516 3743 3744 3857 3959 4084 4085 4207 4444 4727 4736 4956 5045 5136 5242 5346 5569 5730 5868 5882 6043 6088 6090 6106 6247 6454 6526 6708 6711 6806 6884 7074 7101 7263 7470 7494 7659 7904 7905 7918 7980 8017 8556 8560 8562 9428 9704 9705 10182 10320 10345 10352 10355 10477 10479 10502 10503 10631 11426 
61 - 123 125 293 299 390 554 556 589 821 1096 1212 1218 1289 1355 1701 1930 2155 2157 2280 2595 2742 3013 3014 3322 3444 3467 3658 3659 4030 4055 4358 4369 4857 4968 5072 5207 5503 5534 5876 5891 5893 5913 5923 5978 6180 6191 6477 6586 6598 6641 6832 6845 6939 7063 7065 7153 7221 7224 7426 7512 7591 7605 7729 7891 7920 8285 8293 8294 8417 8603 8691 8755 8792 8938 9054 9210 9309 9519 9597 9655 9758 9839 9918 10068 10142 10384 10405 10520 10663 10664 10668 10870 10906 10947 11011 11209 11279 11340 11348 11403 
62 - 5 257 264 410 440 678 791 817 1021 1131 1490 1619 1706 1712 1842 1875 1934 1944 1966 1982 2210 2231 2453 2468 2685 2697 2706 2953 3035 3073 3263 3281 3366 3406 3408 3453 3527 3529 3610 3657 3745 3750 3860 3956 4001 4058 4327 4711 4822 4908 5545 5547 5553 5688 5883 5884 5886 5987 6048 6099 6508 6638 6770 6775 6804 6859 6964 7035 7073 7159 7303 7682 8027 8224 8341 8350 8429 8572 8746 8790 8806 8844 8852 8962 9277 9298 9308 9401 9622 9775 10048 10050 10186 10353 10355 10357 10386 11031 11061 11322 
63 - 20 525 937 1319 1475 1612 1781 1852 1856 2311 2312 2806 2855 3395 3396 3397 3503 4078 4079 4080 4438 4612 4725 4832 4938 5045 5157 5249 5250 5358 5478 5561 5563 5663 5753 5856 5860 5979 5980 5981 5984 6078 6088 6350 6530 6536 6622 6795 6888 6974 7083 7086 7179 7375 7376 7571 7572 7573 7694 7898 7900 8002 8122 8238 8239 8331 8346 8447 8448 8550 8551 8662 8672 8827 8957 9087 9180 9183 9288 9418 9419 9421 9550 9552 9698 9718 9793 9883 9949 9951 10039 10175 10339 10486 10755 10756 11038 11091 11311 11313 
64 - 67 201 460 568 629 982 983 1231 1232 1234 1235 1368 1369 1370 1372 1516 1529 1530 1761 1773 1778 2003 2103 2104 2108 2243 2244 2368 2607 2732 2733 2860 2993 3433 3671 3790 3894 3904 3998 3999 4014 4016 4019 4175 4249 4484 4566 4658 4662 4663 4698 4748 4869 5582 5695 5696 5697 5775 5894 6119 6120 6295 6376 6577 6822 6836 6855 7000 7002 7003 7137 7216 7450 7605 7606 7747 7934 8589 8716 8876 8877 8881 8999 9000 9111 9218 9453 9732 9758 9849 9896 9898 10242 10397 10400 10525 10526 10925 11016 11134 
65 - 16 21 275 296 418 420 426 562 709 778 819 853 1079 1196 1718 1756 1882 1976 2183 2194 2224 2268 2318 2960 3062 3066 3364 3388 3392 3424 3690 3716 4047 4074 4076 4244 4440 4550 4633 5247 5248 5470 5479 5480 5722 5972 6148 6322 6439 6443 6465 6528 6757 6764 6782 6783 6974 7117 7167 7173 7278 7280 7365 7463 7560 7562 7565 7691 7695 7810 8233 8324 8425 8575 8800 9072 9093 9098 9180 9420 9692 9795 9835 9944 10024 10025 10169 10170 10173 10315 10609 10624 10627 10629 10702 10743 10888 11027 11157 11187 
66 - 246 306 308 480 561 701 721 780 848 849 1214 1215 1328 1439 1503 1508 1510 1511 1513 1660 1668 2093 2109 2222 2225 2257 2281 2381 2399 2632 2717 2833 2892 2919 3130 3332 3427 3677 3776 3777 3872 3893 3993 4017 4367 4456 4592 4668 4756 4851 5086 5298 5813 5913 6109 6484 6580 6640 6999 7006 7065 7136 7162 7218 7323 7338 7509 7772 8152 8332 8386 8590 8598 8749 8873 8906 9131 9203 9227 9243 9321 9439 9453 9464 9479 9728 10088 10234 10239 10438 10605 10784 10797 10860 11083 11107 11134 11231 11308 11366 
67 - 84 207 301 455 468 725 821 1040 1233 1266 1379 1406 1518 1660 1774 1792 1886 2001 2010 2051 2331 2358 2359 2393 2592 2726 2731 2845 2850 2914 2977 2987 2989 3571 3663 3685 3950 4235 4369 4380 4465 4466 4566 4696 4855 4978 5070 5277 5293 5306 5793 5796 5902 5904 5915 5962 6009 6114 6468 6642 6649 6725 6840 6930 6931 6936 7206 7211 7229 7259 7324 7603 8053 8382 8442 8593 8602 8666 8697 8714 8724 8874 8972 9109 9831 9917 10088 10381 10392 10400 10425 10455 10497 10533 10624 10834 11256 11285 11338 11346 
68 - 132 150 171 432 458 936 1070 1466 1476 1690 1828 1830 1839 1983 2036 2055 2057 2070 2308 2316 3032 3065 3509 3813 3831 3832 3835 3936 4190 4301 4340 4487 4529 4911 5025 5173 5460 5461 5493 5585 5651 5729 5751 6090 6143 6240 6440 6498 6513 6602 6763 6793 6809 6859 6867 6868 6896 6990 7070 7071 7257 7258 7262 7273 7300 7387 7465 7489 7547 7659 7881 7995 8004 8301 8303 8520 8529 8672 9088 9591 9603 9650 9682 9797 9934 9965 10042 10045 10150 10175 10307 10347 10627 10685 10927 11046 11078 11174 11177 11426 
69 - 480 525 649 1188 1196 1251 1317 1541 1607 1846 1954 2315 2460 2747 2794 2978 3271 3398 3502 3504 3506 3524 3615 3643 4108 4175 4180 4205 4337 4338 4438 4487 4612 4628 5043 5044 5168 5189 5228 5257 5460 5661 5769 5857 5861 5980 5988 6262 6268 6344 6349 6440 6449 6455 6760 6815 6887 6892 7086 7302 7436 7475 7586 7587 7704 7779 8134 8355 8449 8561 8669 8798 8830 8913 9172 9180 9182 9183 9272 9290 9420 9564 9566 9677 9709 9799 10029 10043 10044 10045 10175 10181 10217 10307 10514 10756 10905 11191 11311 11312 
70 - 155 393 441 626 692 1188 1607 1616 1638 1744 1759 1791 1880 1954 1958 1961 1967 2113 2170 2331 2356 2694 2793 2794 2973 3043 3064 3239 3283 3400 3513 3518 3523 3615 3623 3654 3730 3988 4612 4726 5033 5189 5257 5272 5300 5377 5470 5758 6085 6169 6227 6262 6435 6760 6803 6877 6882 6890 7101 7181 7339 7382 7467 7475 7731 7810 7943 8131 8229 8463 8478 8524 8655 8680 8835 8894 9183 9199 9272 9327 9426 9512 9564 9566 9576 9705 9880 9953 10029 10033 10043 10181 10217 10799 11012 11076 11191 11205 11352 11427 
71 - 28 39 385 527 536 1192 1459 1489 2036 2089 2189 2333 2438 2706 2801 2822 2953 2980 3173 3190 3281 3291 3293 3295 3472 3522 3525 3526 3633 3748 3751 3868 4209 4414 4453 4516 4595 4602 4630 4740 4843 4886 5051 5161 5163 5176 5181 5511 5573 5737 5821 5880 5988 6104 6148 6149 6263 6353 6895 6992 7102 7266 7296 7302 7388 7519 7662 7669 7775 7816 7821 7910 8026 8206 8251 8345 8351 8352 8462 8468 8684 8802 8968 9075 9081 9308 9537 9686 9706 9806 10056 10193 10326 10357 10497 10615 11065 11098 11222 11320 
72 - 34 39 172 529 536 541 543 676 785 820 955 958 1086 1202 1310 1606 1607 1608 1744 1871 1954 2086 2213 2331 2343 2793 2979 3043 3246 3365 3518 3671 3877 3988 4087 4108 4217 4533 4937 5031 5033 5043 5052 5171 5468 5470 5666 5672 5916 6092 6096 6262 6435 6457 6509 6582 6717 6760 6884 7156 7158 7169 7193 7194 7198 7326 7418 7553 7822 7892 8107 8108 8353 8393 8676 8680 8835 8850 8856 8961 8977 9092 9174 9197 9425 9564 9576 9691 9708 10043 10063 10065 10202 10512 10631 10640 10758 10884 11053 11312 
73 - 76 257 534 635 960 1025 1199 1481 1485 1489 1596 1615 1706 1842 1862 1875 1934 1944 1966 2151 2210 2293 2295 2551 2706 2953 3071 3263 3265 3299 3366 3404 3406 3483 3529 3657 3835 3860 3862 3978 4209 4327 4444 4455 4598 4897 5338 5482 5545 5869 5886 5987 6099 6253 6262 6355 6404 6609 6770 6804 6809 6994 7073 7102 7185 7201 7303 7580 7682 7797 8001 8017 8019 8027 8129 8130 8350 8412 8429 8558 8572 8844 8964 9202 9295 9308 9309 9430 9432 9852 9934 10169 10363 10816 10829 10936 11100 11143 11291 11320 
74 - 44 46 47 48 440 442 540 675 678 803 808 812 957 968 1087 1088 1091 1200 1202 1204 1205 1343 1344 1493 1497 1636 1639 1754 2213 2214 2373 2434 2586 2651 2711 2712 2793 2812 2829 3030 3048 3411 3416 3651 3652 3942 4108 4449 4629 6056 6798 7299 7812 7819 8682 8684 8685 8686 8847 8975 8976 8978 9091 9092 9093 9094 9312 9313 9314 9315 9318 9319 9569 9578 9807 9967 10063 10066 10067 10202 10203 10206 10209 10210 10370 10371 10373 10514 10638 10639 10763 10776 10896 11060 11061 11063 11203 11205 11206 11330 
75 - 275 417 782 934 1052 1164 1313 1321 1322 1469 1486 1739 1861 2194 2619 3062 3066 3148 3183 3392 3619 3734 4331 4342 4440 4609 4610 4631 5032 5147 5247 5357 5448 5470 5473 5480 5562 5659 5749 5863 5909 6159 6529 6670 6882 6915 7171 7262 7269 7279 7283 7543 7565 7697 7699 7700 7804 8118 8120 8227 8233 8322 8325 8326 8661 8669 8673 8821 8830 9083 9086 9201 9301 9303 9355 9542 9700 9789 9793 9851 9943 9944 10024 10045 10163 10173 10177 10190 10404 10624 10626 10743 10766 11034 11037 11047 11059 11183 11187 11306 
76 - 45 430 431 467 667 1184 1191 1485 1486 1539 1609 1617 1825 1964 1976 2278 2322 2695 2706 2782 2816 2817 2821 2953 3053 3066 3144 3145 3186 3406 3496 3509 3752 3756 3854 3860 3861 3908 3935 3940 3975 4208 4245 4540 4825 4918 5644 5645 5646 5987 6099 6253 6342 6455 6542 6543 6609 6610 6767 6768 6770 6777 6804 6815 6875 6994 7073 7361 7451 7549 7580 7674 7675 7682 7797 7798 7993 8350 8468 8572 8834 8844 9193 9308 9434 9580 9672 9789 9844 9867 9877 10053 10054 10198 10319 10663 10767 11025 11171 11322 
77 - 450 451 500 553 853 1045 1067 1245 1869 2096 2256 2724 2725 3074 3090 3121 3210 3318 3496 3592 3666 3897 3980 4116 4301 4365 4473 4521 4560 4561 4593 4625 4758 4759 5072 5192 5281 5292 5294 5295 5320 5379 5488 5507 5573 5667 5687 5760 5903 6187 6189 6190 6288 6298 6374 6386 6475 6568 6569 6731 6818 6831 6924 6994 7130 7188 7207 7410 7602 7603 7653 7837 7838 7903 8017 8052 8156 8267 8374 8436 8466 8560 8562 8594 8596 8842 9448 9724 9826 9870 9959 9964 9979 9980 10071 10109 10178 10648 10836 11069 
78 - 159 654 666 937 939 1319 1337 1474 1475 1732 1852 1854 1856 1955 2312 2314 2315 2458 2811 3272 3397 3398 3503 3505 3970 4078 4079 4614 4725 4833 5045 5250 5358 5561 5563 5753 5856 5859 5860 5873 5976 5979 5980 5981 5982 5984 6088 6350 6536 6622 6795 6888 6974 7086 7179 7375 7571 7572 7693 7898 7900 8238 8239 8331 8346 8448 8552 8563 8670 8830 8957 9087 9180 9183 9288 9289 9418 9419 9421 9423 9436 9550 9552 9698 9793 9949 9951 10039 10174 10339 10485 10486 10489 10755 10756 10757 11038 11185 11311 11313 
79 - 65 256 382 532 719 1095 1154 1174 1447 1516 1819 1856 1967 2127 2218 2227 2532 2701 2758 2826 2879 3121 3383 3931 3967 3968 3974 3978 4075 4084 4209 4411 4512 4579 4585 4705 5117 5305 5377 5525 5528 5594 5742 5760 5950 6041 6148 6380 6415 6758 6760 6783 6885 6923 6979 7115 7268 7539 7604 7649 7776 7850 7863 7886 7956 8183 8184 8190 8297 8641 8678 8754 8764 8798 8841 9141 9182 9283 9590 9684 9690 9941 10132 10136 10229 10247 10297 10312 10353 10579 10594 10724 10784 10925 11048 11076 11237 11352 11402 11424 
80 - 74 142 259 280 412 505 635 644 779 1156 1162 1272 1302 1342 1482 1658 1755 1763 2058 2176 2189 2250 2343 2391 2424 2572 2588 2676 2680 2694 2808 2945 3042 3044 3252 3262 3327 3348 3356 3493 3686 3828 3997 4061 4093 4099 4114 4332 4647 5029 5340 5342 5362 5369 5375 5449 5475 5488 6183 6368 6606 6773 6880 6914 7653 7665 7810 7895 8094 8307 8418 8682 8852 9009 9073 9200 9224 9232 9273 9435 9474 9531 9717 9870 10164 10173 10218 10225 10334 10639 10733 10795 10808 10938 11049 11176 11189 11294 11301 11328 
81 - 149 402 421 643 645 647 922 925 1185 1599 1720 1751 2182 2301 2433 2434 2557 2804 2806 2807 2943 2948 3048 3059 3348 3356 3413 3475 3489 3490 3518 3603 3621 3654 3725 3863 3874 3959 4070 4188 4424 4601 4817 4834 4848 5143 5237 5346 5347 5488 5577 5642 5681 5685 5766 5770 5848 6063 6064 6073 6106 6243 6372 6453 6522 6536 6686 6699 6774 6880 7166 7168 7193 7263 7489 7653 7654 7685 7710 7713 7827 7887 7918 8000 8015 8112 8330 9440 9862 9870 9936 9955 10355 10361 10488 10876 11030 11173 11189 11297 
82 - 197 416 417 464 648 1076 1079 1328 1373 1479 1484 1641 2288 2322 2327 2445 3066 3161 3602 3614 3647 3707 3710 3991 4199 4222 4224 4346 4413 4534 4610 4817 4837 5032 5048 5178 5230 5445 5457 5773 5794 5826 5849 5985 6014 6048 6070 6071 6087 6332 6416 6528 6600 7157 7256 7320 7323 7340 7380 7401 7503 7539 7705 7715 7730 7787 7809 7812 7888 7998 8011 8016 8044 8198 8211 8245 8384 8452 8564 8639 8675 8848 8878 8975 9200 9239 9284 9467 9702 9850 9931 9948 10315 10475 10632 10801 10896 10905 11042 11234 
83 - 37 50 433 771 794 810 812 944 950 959 1085 1086 1195 1485 1487 1491 1492 1495 1625 1627 1629 1638 1746 1974 1977 2087 2213 2215 2586 2672 2706 2963 3194 3299 3521 3530 3639 3641 3760 3877 4090 4102 4108 4215 4352 4421 4624 4629 5572 5709 5753 5960 6081 6092 6099 6268 6366 6457 6552 6636 6683 6716 6995 7194 7303 7588 7726 7821 7910 8328 8466 8570 8681 8819 8840 8844 8851 8978 9093 9191 9320 9569 9571 9806 9807 9878 9961 10033 10192 10204 10209 10213 10343 10370 10506 10625 10763 11053 11206 11307 
84 - 129 502 637 1051 1076 1196 1732 1735 1836 1867 2047 2332 2334 2400 2921 2981 3710 3942 4056 4134 4183 4186 4300 4302 4346 4355 4412 4414 4446 4516 4610 4704 4705 5536 5633 5736 5737 5821 5825 5985 5993 6051 6138 6254 6332 6462 6600 6601 6670 6758 6760 6858 6866 6947 6948 7067 7156 7180 7342 7343 7358 7539 7541 7542 7551 7647 7649 7664 7762 7764 7775 7776 7777 7783 7877 7985 8021 8093 8198 8202 8206 8207 8211 8297 8639 8641 8646 8675 8946 8959 9161 9301 9537 9762 9788 9850 10149 10315 11193 11271 
85 - 114 131 133 143 145 263 488 517 603 611 619 706 755 933 1029 1308 1323 1456 1716 1727 1802 1922 1993 2058 2140 2285 2303 2455 2695 2774 3043 3046 3050 3339 3448 3572 3575 3668 3675 3718 3773 3845 3937 4046 4184 4264 4589 4817 5069 5108 5132 5332 5369 5448 5449 5457 5614 5832 5917 6035 6130 6345 6516 6611 7079 7241 8026 8370 8565 8612 8627 8775 9016 9071 9165 9205 9239 9265 9314 9528 9595 9647 9652 9749 10014 10275 10288 10386 10535 10607 10848 10873 10946 10962 11078 11108 11126 11234 11274 11372 
86 - 2 278 434 511 522 643 799 1093 1165 1180 1485 1750 1974 2084 2171 2464 2465 2706 2822 2982 3040 3146 3159 3287 3295 3296 3385 3522 3530 3628 3632 3639 3641 3755 3982 4060 4065 4076 4092 4102 4183 4184 4221 4320 4353 4451 4543 4617 4624 4951 5132 5165 5564 5574 5657 5751 5855 5960 6067 6081 6096 6099 6172 6173 6270 6513 6683 6714 7194 7258 7275 7394 7546 7671 7818 7910 8006 8025 8328 8529 8711 8833 8844 8964 9307 9565 9809 9810 9868 9878 9921 9962 10194 10361 10365 10625 10767 10901 11052 11329 
87 - 267 396 510 560 644 754 834 835 861 1160 1173 1292 1306 1350 1412 1434 1764 2189 2340 2356 2373 2424 2440 2477 2481 2565 2594 2596 2739 2822 2836 3027 3055 3314 3426 3591 3665 3669 3673 3795 3869 4033 4101 4688 4709 4826 4935 4969 4970 5140 5222 5231 5234 5241 5284 5405 5724 5732 5783 5914 5947 6046 6400 6600 6928 6931 6942 6960 7031 7466 7531 7927 8071 8209 8336 8420 8870 9332 9525 9667 9887 10021 10173 10245 10293 10329 10642 10706 10734 10744 11010 11094 11105 11194 11273 11297 11298 11342 11361 11413 
88 - 200 308 480 704 848 849 1107 1210 1230 1232 1266 1379 1380 1756 1889 1989 2093 2105 2240 2485 2828 2837 2838 2848 3082 3115 3138 3139 3332 3548 3668 3777 3947 3993 3994 4161 4237 4248 4567 4643 4737 5082 5183 5293 5360 5380 5616 5775 5913 5999 6482 6574 6640 7006 7065 7162 7317 7326 7404 7512 7653 7734 7831 8031 8038 8052 8127 8148 8491 8494 8565 8579 8590 8683 8711 8714 8857 8873 8874 9054 9219 9458 9463 9591 9791 9812 9823 10068 10411 10438 10526 10681 10792 10801 10802 10806 10921 11139 11209 11214 
89 - 266 340 521 540 794 810 932 944 1074 1090 1161 1177 1496 1715 1725 1984 2287 2551 2685 2694 2708 2713 2925 2926 2961 3506 3722 3876 3937 4103 4542 5128 5650 6595 6691 6874 6915 8029 8093 8215 8338 8354 8430 8678 8741 8952 8979 9078 9079 9299 9300 9320 9440 9663 10047 10051 10155 10176 10184 10185 10212 10214 10215 10218 10318 10326 10338 10343 10344 10350 10351 10353 10372 10376 10469 10479 10485 10493 10495 10496 10516 10737 10740 10760 10763 10772 10776 10778 10889 10892 10901 10902 11022 11047 11178 11194 11206 11291 11332 11336 
90 - 180 267 567 704 737 762 1059 1062 1114 1348 1366 1381 1454 1534 1719 1785 1802 1829 1832 1881 2008 2038 2147 2248 2256 2385 2418 2481 2558 2680 2685 2718 2795 2800 2813 2823 2888 2942 3071 3308 3310 3318 3616 3680 3689 3719 3877 3911 3936 3983 4045 4062 4240 4415 4498 4520 4556 4557 4709 4755 4935 4969 5131 5284 5383 5420 5629 6109 6153 6190 6208 6246 6581 6726 7011 7184 8230 8366 8388 8862 8909 9001 9188 9197 9233 9309 9531 9667 9894 9940 10090 10245 10248 10296 10298 10993 11009 11087 11294 11341 
91 - 828 892 1124 1251 1307 1366 1465 1534 1658 1719 1763 1818 1826 1844 1881 1989 1992 2105 2256 2424 2608 2676 2679 2722 2735 2854 3318 3327 3378 3431 3473 3665 3680 3997 4018 4114 4639 4643 4647 4648 4673 4720 4751 4757 4759 5066 5281 5375 5514 6017 6142 6179 6182 6183 6581 6840 7011 7482 7505 7594 7603 7606 7655 7736 7833 8043 8052 8169 8181 8230 8385 8810 8862 8878 8988 8998 9001 9009 9099 9224 9277 9278 9316 9474 9484 9538 9717 9826 9991 10023 10084 10163 10240 10306 10614 10616 10660 10736 11030 11341 
92 - 84 246 305 306 308 313 480 554 564 608 688 721 848 849 1125 1212 1215 1218 1266 1379 1503 1507 2093 2225 2257 2281 2399 2632 2731 2833 2838 2845 2850 2892 2894 3026 3106 3321 3332 3427 3571 3668 3776 3893 4237 4652 4851 4978 5086 5183 5381 5616 5913 5923 6011 6026 6222 6391 6484 6580 6586 6640 7065 7116 7118 7120 7229 7307 8112 8381 8590 8598 8699 8714 8726 8749 8873 8874 9131 9321 9333 9479 9728 9825 10088 10234 10237 10438 10668 10784 10797 10860 10869 10906 10913 10947 10948 11107 11109 11209 
93 - 11 151 158 162 163 532 533 640 659 682 786 789 1156 1332 1481 1484 1572 1627 1717 1742 1749 1855 1961 1968 1976 2171 2301 2449 2545 2696 2808 2964 3044 3072 3076 3150 3157 3176 3256 3300 3414 3514 3517 3615 3627 3833 3938 3983 4177 4195 4442 4733 4735 5020 5045 5049 5160 5259 5272 5369 5568 5645 5672 5756 5768 6064 6543 6609 6713 6798 7205 7580 7661 7675 7802 7823 8019 8049 8128 8129 8238 8460 8565 8651 8833 9089 9108 9298 9529 9566 9707 10029 10194 10358 10514 10810 11022 11044 11091 11094 
